A=71.03711 Ala Alanine	
B=166.99836 _ Avg.Asn_and_Asp 
C=103.00919 Cys Cysteine 
D=115.02694 Asp Aspartic 
E=129.04259 Glu Glutamic 
F=147.06841 Phe Phenylalanine 
G=57.02146  Gly Glycine 
H=137.05891 His Histidine 
I=113.08406 Ile Isoleucine
J=181.01401 J _ 
K=128.09496 Lys Lysine 
L=113.08406 Leu Leucine 
M=131.04048 Met Methionine 
N=114.04293 Asn Asparagine 
O=243.02965 _ Ornithine 
P=97.05276 Pro Proline 
Q=128.05858 Gln Glutamine 
R=156.10111 Arg Arginine 
S=87.03203 Ser Serine 
T=101.04768 Thr Threonine 
U=0.00000 _ _ 
V=99.06841 Val Valine 
W=186.07931 Trp Tryptophan 
X=113.08406 _ Leu_or_Ile 
Y=163.06332 Tyr Tyrosine 
Z=128.55059 _ Avg.Gln_and_Glu 
